Sort,Name,Rating,Games,Result,Moves,CPL,MM,Sort score,Analysis 
554,fjjvh 2009.03.27,700,27,1.5,278,276,18,-258,Level A
690,fjjvh 2009.03.08,726,15,1,246,404,11,-393,Level A
280,tigerblue 2009.03.27,1142,26,24.5,225,160,22,-138,Level A
657,jatwfn 2009.03.08,1026,13,12,222,364,14,-350,Level A
659,fjjvh 2009.03.19,691,15,1.5,185,362,10,-352,Level A
644,fjjvh 2009.03.11,699,8,0.5,179,354,22,-332,Level A
694,fjjvh 2009.03.07,725,6,1,135,415,14,-401,Level A
562,jatwfn 2009.03.19,1067,14,12.5,132,276,17,-259,Level A
424,dahuigou 2009.06.24,706,5,1.5,130,223,25,-198,Level B
602,fjjvh 2009.03.12,689,9,0.5,130,312,21,-291,Level A
297,petsocietyrocks 2009.06.24,1249,5,3.5,125,177,30,-147,Level B
365,fjjvh 2009.03.21,686,8,2.5,121,197,26,-171,Level A
581,jatwfn 2009.03.07,1026,6,5,121,291,19,-272,Level A
335,chmpf 2009.03.21,947,7,5,113,185,27,-158,Level A
642,fjjvh 2009.03.17,710,9,0,111,335,8,-327,Level A
380,jdchopra 2009.04.17,835,10,5,101,211,33,-178,Level A
539,jatwfn 2009.03.17,1045,9,9,92,261,12,-249,Level A
715,fjjvh 2009.03.28,680,5,0,91,455,4,-451,Level A
606,fjjvh 2009.03.10,708,7,0,90,313,18,-295,Level A
529,nathy 2009.07.19,879,6,0,85,264,20,-244,Level A
584,jatwfn 2009.03.11,1040,6,6,85,289,15,-274,Level A
600,nathy 2009.07.21,802,9,0,83,302,16,-286,Level A
291,borovo 2009.06.17,1038,2,1,70,175,29,-146,Level A
146,Naym 2009.04.03,863,2,1,68,118,31,-87,Level A
547,chmpf 2009.03.12,961,3,2.5,68,280,26,-254,Level A
426,xDieInAFirex 2009.07.24,693,4,0,67,224,25,-199,Level A
473,checkraiseallin 2009.05.01,896,4,1,66,244,26,-218,Level A
143,Dlegend 2009.06.17,873,2,1,65,123,37,-86,Level A
277,borovo 2009.06.11,1073,3,1,63,172,37,-135,Level A
474,nathy 2009.07.17,976,4,0,63,246,27,-219,Level A
384,Rastaluke 2009.06.02,729,3,0,61,210,31,-179,Level A
702,fjjvh 2009.03.13,690,4,0.5,61,435,16,-419,Level A
237,Booyens 2009.07.25,970,3,0.5,60,150,28,-122,Level B
275,andrejas 2009.07.25,969,3,2.5,58,172,38,-134,Level B
276,JAYDENBLANE 2009.06.02,1137,3,3,58,160,26,-134,Level A
655,chmpf 2009.03.11,975,2,1.5,57,368,19,-349,Level A
670,Crashinator 2009.02.01,845,5,0,57,375,12,-363,Level A
268,ashwinshivani 2009.01.15,940,4,3,55,155,24,-131,Level A
618,markhodges 2009.05.01,1073,2,1,55,324,20,-304,Level A
652,nathy 2009.07.22,774,6,0,55,358,18,-340,Level A
83,churrcuz 2009.03.08,1015,1,1,54,90,41,-49,Level B
119,Traenexx 2009.03.04,915,1,0.5,54,104,35,-69,Level A
189,JEFFMHOW 2009.01.15,945,3,2,54,135,33,-102,Level A
86,gforced 2009.03.08,984,1,0,53,100,47,-53,Level B
195,treezen 2009.03.03,998,1,0.5,53,134,30,-104,Level A
230,borovo 2009.06.01,1027,3,1,53,147,28,-119,Level A
263,Fnorgmuffin 2009.04.12,734,1,0,53,171,40,-131,Level A
663,Loran 2009.06.26,870,7,0,53,369,11,-358,Level A
131,nicksun 2009.01.25,981,2,1,52,109,33,-76,Level A
537,paire 2009.03.13,1216,4,3.5,52,266,17,-249,Level A
132,krishnak 2009.04.03,1128,1,1,51,109,33,-76,Level A
372,pendaggie 2009.01.05,868,1,0,51,204,29,-175,Level A
509,Loran 2009.07.15,795,6,0.5,51,251,18,-233,Level A
87,Fukiyama 2009.03.04,913,2,1.5,50,91,38,-53,Level A
109,sterum 2009.04.12,1124,1,1,50,103,38,-65,Level A
720,fjjvh 2009.03.09,713,5,0,50,497,18,-479,Level A
311,fishmasters 2009.01.05,1079,1,1,49,178,27,-151,Level A
477,ANDYTASTIC 2009.07.30,990,2,1,49,244,24,-220,Level A
531,RyanBall 2009.06.20,1071,1,1,49,270,25,-245,Level A
135,Fukiyama 2009.03.03,905,1,0.5,48,116,38,-78,Level A
207,smalldreams 2009.07.27,1029,3,2,48,144,35,-109,Level B
218,nathy 2009.07.25,756,3,0,48,144,31,-113,Level B
244,jatwfn 2009.03.28,1073,4,4,48,151,27,-124,Level A
255,Benly 2009.03.11,865,4,1,47,157,30,-127,Level A
288,Dlegend 2009.06.11,825,2,1,47,181,38,-143,Level A
460,Dlegend 2009.06.24,901,3,1,47,243,30,-213,Level A
524,borovo 2009.06.24,1040,3,2,47,273,30,-243,Level A
381,Loran 2009.07.29,782,3,0,46,189,11,-178,Level B
425,paire 2009.03.10,1242,4,4,46,215,17,-198,Level A
257,robertpmntr 2009.06.30,1106,1,0,45,149,22,-127,Level B
429,Loran 2009.06.20,851,2,1,45,233,33,-200,Level A
454,minhhuan 2009.01.24,1027,1,0,45,229,18,-211,Level A
75,munon 2009.01.29,993,1,1,44,76,36,-40,Level A
102,HeliosMax 2009.06.30,866,1,1,44,103,43,-60,Level B
266,jaydottaylor 2009.01.24,961,1,1,44,163,32,-131,Level A
464,xDieInAFirex 2009.05.14,830,3,0,44,235,20,-215,Level A
72,luoyun 2009.01.29,864,1,0,43,81,42,-39,Level A
353,robertpmntr 2009.03.21,955,1,0,43,191,26,-165,Level B
158,maramures 2009.07.25,1010,3,3,42,119,29,-90,Level B
197,Gleelee 2009.07.24,1208,1,1,42,136,31,-105,Level A
346,Hazardo 2009.05.25,959,2,1,42,189,26,-163,Level A
434,HeliosMax 2009.06.11,907,3,2,42,226,24,-202,Level A
359,Awais 2009.02.01,992,3,3,41,200,32,-168,Level A
393,stota 2009.07.26,916,3,1,41,209,27,-182,Level A
528,paire 2009.03.12,1246,2,2,41,268,24,-244,Level A
57,Deltaprism 2009.03.11,1059,3,2,40,89,57,-32,Level D
106,IWON 2009.03.21,1016,1,1,40,112,48,-64,Level B
267,Kundeohmar 2009.05.25,963,2,1,40,161,30,-131,Level A
530,SoloBaric 2009.07.20,931,1,1,40,273,28,-245,Level A
622,Traenexx 2009.01.27,833,2,0,40,328,20,-308,Level A
236,AureA 2009.03.30,1003,3,1.5,39,163,41,-122,Level B
334,robertpmntr 2009.03.26,900,2,2,39,186,28,-158,Level A
633,fjjvh 2009.03.04,729,5,1,39,341,20,-321,Level A
647,Avisharv 2009.04.18,944,1,0,39,349,15,-334,Level A
219,RichardJohnson 2009.05.14,1054,3,3,38,131,18,-113,Level A
383,spiderz 2009.06.01,1037,1,0,38,211,32,-179,Level A
452,paire 2009.03.09,1277,5,5,38,235,24,-211,Level A
533,fjjvh 2009.03.06,733,2,0,38,267,21,-246,Level A
660,xDieInAFirex 2009.05.21,676,4,0,38,371,18,-353,Level A
677,nathy 2009.07.20,835,7,0,38,387,13,-374,Level A
331,Crashinator 2009.01.11,799,2,1,37,179,22,-157,Level A
485,ManWhoKilledDeer 2009.02.10,854,2,0,37,247,22,-225,Level A
74,JHLD 2009.07.29,1057,3,3,36,87,47,-40,Level B
149,treezen 2009.03.26,1033,2,0,36,119,31,-88,Level A
205,gilandrew 2009.04.13,912,1,0,36,133,25,-108,Level A
264,indbug 2009.02.05,956,2,0.5,36,170,39,-131,Level C
401,JedTed 2009.02.10,1099,2,2,36,205,17,-188,Level A
610,paire 2009.03.15,1226,4,3.5,36,328,31,-297,Level A
688,Bmoresoldier 2009.06.22,934,1,0,36,411,19,-392,Level A
723,jatwfn 2009.03.05,1017,2,2,36,503,11,-492,Level A
378,stota 2009.07.29,927,1,0,35,199,23,-176,Level A
390,bigjturner 2009.02.04,997,1,0.5,35,204,23,-181,Level A
517,deeprince 2009.01.22,872,2,0,35,265,26,-239,Level A
590,ifuwurarabitidnmu 2009.07.22,936,1,1,35,296,20,-276,Level A
56,LisbonNightTrain 2009.04.13,983,1,1,34,69,38,-31,Level A
302,jdchopra 2009.04.18,1003,2,2,34,190,41,-149,Level A
406,SimonDedalus 2009.07.29,1061,1,1,34,204,15,-189,Level A
534,chokefetuschoke 2009.07.22,911,1,0,34,267,21,-246,Level A
661,Booyens 2009.07.03,982,4,0,34,368,15,-353,Level A
51,staljin 2009.02.05,971,2,1.5,33,88,58,-30,Level C
188,plumbo 2009.03.28,908,1,0,33,141,39,-102,Level A
234,francod 2009.06.24,997,1,1,33,163,42,-121,Level A
273,AureA 2009.03.28,1035,1,1,33,151,18,-133,Level A
617,fjjvh 2009.03.15,689,4,0.5,33,328,24,-304,Level A
138,rafaelpadua 2009.02.04,985,1,0.5,32,119,38,-81,Level A
208,stota 2009.07.30,915,1,0,32,140,31,-109,Level A
213,Drvanger 2009.07.20,1064,1,0,32,138,28,-110,Level A
324,Thorolas 2009.01.13,924,1,1,32,187,31,-156,Level A
568,GeorgiaCohen 2009.06.09,803,2,0.5,32,280,19,-261,Level A
638,zqnzt 2009.06.22,1032,1,1,32,345,22,-323,Level A
103,gasparegg 2009.07.30,1052,1,1,31,100,39,-61,Level A
142,JaysonE 2009.01.24,1052,1,1,31,133,48,-85,Level C
355,skiparooni 2009.02.02,1059,1,0,31,205,39,-166,Level B
388,msbillions 2009.01.25,923,1,0,31,203,23,-180,Level A
405,dubaddict 2009.04.17,893,2,0,31,212,23,-189,Level A
569,Rastaluke 2009.05.25,803,3,0,31,285,23,-262,Level A
586,gorkietalkie 2009.01.27,1100,1,1,31,304,29,-275,Level A
699,fjjvh 2009.03.05,736,2,0,31,432,16,-416,Level A
191,Xoppo 2009.06.24,969,1,0,30,136,33,-103,Level A
241,Waggaristo 2009.04.13,1070,1,0,30,153,30,-123,Level A
298,PLUGZ 2009.05.20,1068,2,0,30,177,30,-147,Level A
340,ktinfl 2009.01.24,897,1,0,30,181,20,-161,Level C
431,ashwinshivani 2009.01.13,976,2,0,30,218,17,-201,Level A
632,Kundeohmar 2009.07.01,977,1,0,30,347,27,-320,Level A
227,DREZIO 2009.02.02,876,1,1,29,152,35,-117,Level B
259,Booyens 2009.06.09,1018,2,1.5,29,152,24,-128,Level A
457,badstep 2009.07.26,1077,1,0,29,247,35,-212,Level A
99,stota 2009.07.27,919,1,1,28,116,57,-59,Level C
100,borovo 2009.06.12,1049,1,1,28,109,50,-59,Level C
101,insanemew 2009.04.13,918,1,1,28,91,32,-59,Level A
113,catfu 2009.07.15,1086,2,2,28,114,46,-68,Level B
329,LavAzza 2009.07.29,760,2,1,28,186,29,-157,Level A
385,GoGoYubari 2009.07.29,1070,2,1,28,208,29,-179,Level A
435,GoGoYubari 2009.07.03,968,4,4,28,223,21,-202,Level A
523,Killerhoernchen 2009.02.04,983,2,0,28,260,18,-242,Level A
556,smalldreams 2009.07.19,1013,2,2,28,276,18,-258,Level A
576,Limzaroth 2009.02.20,936,2,1,28,293,25,-268,Level A
698,fjjvh 2009.03.20,686,3,0.5,28,432,18,-414,Level A
145,deeprince 2009.01.30,801,3,2,27,128,41,-87,Level A
163,IrishRottie 2009.03.13,990,1,1,27,125,33,-92,Level A
303,Kundeohmar 2009.06.12,898,2,0,27,190,41,-149,Level A
317,JAYDENBLANE 2009.05.25,1151,3,3,27,186,33,-153,Level A
572,jaydottaylor 2009.01.22,1114,1,1,27,285,19,-266,Level A
605,IrishRottie 2009.06.19,1070,1,0,27,305,11,-294,Level A
615,jatwfn 2009.03.10,1036,2,2,27,317,15,-302,Level A
95,RangoBango 2009.01.25,1002,1,1,26,88,31,-57,Level B
175,Beerbong 2009.01.09,955,1,0,26,129,31,-98,Level A
192,Akio 2009.03.13,908,1,0,26,126,23,-103,Level A
306,scoroyale 2009.07.30,851,2,1,26,185,35,-150,Level A
330,Avisharv 2009.05.04,937,1,1,26,180,23,-157,Level A
364,Jia 2007.01.31,1001,1,0,26,198,27,-171,Level C
369,Booyens 2009.07.01,987,1,1,26,207,35,-172,Level A
396,jatwfn 2009.03.06,1023,1,1,26,210,27,-183,Level A
491,ktinfl 2009.06.19,865,1,1,26,238,12,-226,Level A
579,Hazardo 2009.07.14,958,2,0,26,305,35,-270,Level B
582,chokefetuschoke 2009.02.20,885,2,1,26,285,12,-273,Level A
676,fjjvh 2009.03.16,693,3,1.5,26,390,19,-371,Level A
700,fjjvh 2009.04.02,669,3,0.5,26,421,4,-417,Level A
50,KoalieAwe 2009.02.26,1009,1,0,25,65,36,-29,Level B
59,SunRaphi 2009.01.09,995,1,1,25,76,44,-32,Level A
182,bluepen 2009.02.08,997,1,0,25,128,28,-100,Level A
220,robertpmntr 2009.04.07,1031,1,0,25,142,28,-114,Level B
222,texasroots 2009.02.08,967,1,1,25,139,24,-115,Level A
436,vcrazy 2009.01.11,1189,1,0,25,231,28,-203,Level A
448,chmpf 2009.03.04,956,1,1,25,217,8,-209,Level A
461,RichardJohnson 2009.07.24,1261,3,3,25,241,28,-213,Level A
612,Amarande 2009.04.24,1033,1,0,25,322,24,-298,Level A
41,lhoward 2009.07.19,1075,2,2,24,56,33,-23,Level B
68,Sebbel 2009.01.03,921,1,0,24,79,42,-37,Level B
176,Admirn 2009.02.28,970,1,1,24,127,29,-98,Level A
249,Kundeohmar 2009.05.04,1008,1,0,24,163,38,-125,Level A
290,dadikuki 2009.05.15,930,1,0,24,161,17,-144,Level A
332,robertpmntr 2009.06.14,1093,1,1,24,196,38,-158,Level C
358,Dicemice 2009.07.14,1026,2,2,24,188,21,-167,Level B
469,Malfunction 2009.04.17,1081,2,1,24,241,25,-216,Level A
623,sekulla 2009.01.29,857,3,0,24,325,17,-308,Level A
675,NomadicEntropy 2009.04.07,873,3,0,24,385,17,-368,Level A
30,acmauroe 2009.01.03,909,1,1,23,51,39,-12,Level B
82,Ickis 2009.05.15,1007,1,1,23,92,44,-48,Level A
177,geodezu 2009.01.18,980,1,0.5,23,124,26,-98,Level A
217,vpma 2009.04.24,928,1,1,23,148,35,-113,Level A
274,paderboots 2009.06.14,887,1,0,23,191,57,-134,Level C
281,Sirenus 2009.02.28,955,1,0,23,160,22,-138,Level A
352,sigggih 2009.07.09,1123,1,0,23,204,39,-165,Level A
360,Hazardo 2009.05.10,956,2,0,23,190,22,-168,Level A
417,Beerbong 2009.01.06,932,2,1,23,215,22,-193,Level A
433,nicholasjanssen 2009.03.27,988,1,0.5,23,228,26,-202,Level A
608,Traenexx 2009.04.11,880,1,1,23,318,22,-296,Level A
627,Fukiyama 2009.06.04,1008,1,1,23,343,26,-317,Level B
62,lepomis 2009.02.26,953,1,1,22,55,23,-32,Level B
89,JohntheChristian 2009.01.18,1014,1,0.5,22,90,36,-54,Level A
116,Kotimatka 2009.05.10,943,2,2,22,104,36,-68,Level A
118,geodezu 2009.01.24,942,1,1,22,124,55,-69,Level C
156,Rhizy 2009.07.09,874,1,1,22,126,36,-90,Level A
250,xDieInAFirex 2009.05.27,651,2,0.5,22,157,32,-125,Level B
295,LDopa 2009.01.16,1074,1,0,22,183,36,-147,Level A
296,catfu 2009.07.31,1024,1,1,22,183,36,-147,Level A
310,mcco 2009.07.30,1003,1,0,22,183,32,-151,Level A
361,Fukiyama 2009.02.18,834,1,1,22,186,18,-168,Level A
394,vawaverunner 2009.01.24,1018,1,0,22,209,27,-182,Level C
399,cjmaeder 2009.04.04,754,1,1,22,213,27,-186,Level A
561,Mrachni 2009.04.04,1040,1,0,22,277,18,-259,Level A
630,nathy 2009.07.28,734,3,0,22,337,18,-319,Level A
641,HeliosMax 2009.06.15,855,1,0,22,349,23,-326,Level A
654,elnekave 2009.04.06,884,1,0,22,376,27,-349,Level A
679,awen 2009.03.23,962,2,1,22,400,23,-377,Level A
680,vetteboy 2008.09.14,875,1,1,22,388,9,-379,Level A
25,Sebbel 2008.10.20,970,1,1,21,57,48,-9,Level B
39,Akio 2009.04.07,925,1,1,21,65,43,-22,Level B
94,SimSima 2007.01.31,962,1,1,21,114,57,-57,Level C
261,Drewan 2009.04.12,810,4,2,21,168,38,-130,Level B
283,markhodges 2009.04.09,1137,1,1,21,172,33,-139,Level A
286,Loran 2009.07.24,782,2,0.5,21,184,43,-141,Level A
363,gilandrew 2009.03.27,898,1,0.5,21,194,24,-170,Level A
391,chesseeka 2009.04.11,1017,1,0,21,200,19,-181,Level A
416,nathy 2009.07.26,746,4,0,21,222,29,-193,Level A
521,Crashinator 2009.01.12,817,1,0,21,275,33,-242,Level A
588,fishmasters 2009.01.02,819,1,0,21,299,24,-275,Level A
704,paire 2009.03.08,1228,2,2,21,437,14,-423,Level A
78,TylerTheWimp 2009.05.20,910,1,1,20,82,40,-42,Level A
130,JabZ 2008.10.20,927,1,0,20,100,25,-75,Level B
201,ToomuchforUtoo 2009.06.14,1101,1,1,20,121,15,-106,Level A
224,HeliosMax 2009.06.14,893,1,0,20,146,30,-116,Level A
233,jdchopra 2009.04.19,1072,1,1,20,145,25,-120,Level A
256,Cgrittz 2009.07.24,1161,2,1.5,20,157,30,-127,Level A
325,dubaddict 2009.05.06,823,1,0,20,186,30,-156,Level A
377,Fnorgmuffin 2009.04.09,757,1,0,20,206,30,-176,Level A
387,herbkleiman 2009.04.07,1075,3,3,20,220,40,-180,Level A
437,Crashinator 2009.02.20,903,1,1,20,228,25,-203,Level A
441,HeliosMax 2009.06.07,955,1,0.5,20,240,35,-205,Level A
520,Giulietta 2008.09.14,1017,1,0,20,255,15,-240,Level A
522,TacticalDiligence 2009.02.21,1053,1,0.5,20,267,25,-242,Level A
543,Benly 2009.03.12,999,1,1,20,273,20,-253,Level A
574,pokerfish 2009.05.23,1018,1,0,20,282,15,-267,Level A
607,Hazardo 2009.07.27,913,2,0,20,305,10,-295,Level B
631,GoGoYubari 2009.07.11,1025,2,1,20,350,30,-320,Level A
669,petitwinnie 2009.04.12,1064,2,0.5,20,383,20,-363,Level A
111,Xbozo 2009.05.30,1033,1,1,19,124,58,-66,Level B
144,Koerdis 2009.05.06,1095,1,1,19,123,37,-86,Level A
198,finestcuts 2009.05.30,950,1,0,19,131,26,-105,Level B
260,cesacsr 2009.05.23,921,1,1,19,171,42,-129,Level A
262,awen 2009.03.26,940,3,2,19,162,32,-130,Level A
269,ANDYTASTIC 2009.07.31,969,2,1,19,169,37,-132,Level A
287,Melvill 2009.02.18,1022,1,0,19,163,21,-142,Level A
309,Melkzedech 2009.01.02,1119,1,1,19,183,32,-151,Level A
316,JEFFMHOW 2009.01.16,921,1,1,19,190,37,-153,Level A
318,MagicCube 2009.03.23,949,2,1,19,186,32,-154,Level A
343,GoGoYubari 2009.06.04,976,2,0,19,199,37,-162,Level B
347,Astronomas 2009.04.19,917,1,0,19,179,16,-163,Level A
351,Hazardo 2009.04.25,1016,1,1,19,207,42,-165,Level A
410,uberpao 2009.02.04,1050,1,1,19,212,21,-191,Level A
427,SassySasha 2009.04.06,1039,1,1,19,215,16,-199,Level A
445,gaangster 2009.04.03,1111,1,0,19,233,26,-207,Level A
471,ukpfc 2009.04.25,790,1,0,19,238,21,-217,Level A
483,ZfromDtownCO 2009.07.23,1110,1,0,19,242,21,-221,Level A
500,majesticmagix 2009.01.30,1101,1,0,19,256,26,-230,Level A
557,Crashinator 2009.01.07,815,2,0,19,274,16,-258,Level A
567,Booyens 2009.07.26,951,2,0,19,282,21,-261,Level A
613,Admirn 2009.02.20,974,1,0,19,315,16,-299,Level A
666,natenael 2009.04.17,835,1,0,19,359,0,-359,Level A
23,RichardJohnson 2009.05.27,1254,2,1.5,18,47,44,-3,Level B
174,Alphacentury 2009.07.15,1155,4,3.5,18,135,39,-96,Level A
212,Operatics 2009.07.17,1071,1,1,18,149,39,-110,Level A
238,PABOY 2009.01.06,897,1,0.5,18,167,44,-123,Level A
278,ktinfl 2009.07.23,846,1,1,18,168,33,-135,Level A
293,borovo 2009.06.04,997,1,1,18,168,22,-146,Level B
313,PieceMover 2009.06.22,973,2,1,18,191,39,-152,Level A
336,borovo 2009.06.07,1026,1,0.5,18,175,17,-158,Level A
403,Drvanger 2009.07.19,1024,1,1,18,217,28,-189,Level A
414,ZnBangash 2009.05.21,1143,1,1,18,209,17,-192,Level A
467,MikEms 2009.07.10,885,1,0,18,260,44,-216,Level B
501,SecondQueen 2009.05.21,1060,1,1,18,252,22,-230,Level B
510,scoroyale 2009.07.31,1002,1,0,18,262,28,-234,Level B
551,LavAzza 2009.07.13,802,1,0,18,285,28,-257,Level B
604,paire 2009.03.16,1219,1,0,18,310,17,-293,Level A
616,vetteboy 2009.01.10,925,2,1,18,302,0,-302,Level A
656,Hazardo 2009.04.21,964,2,1,18,366,17,-349,Level A
664,scosta 2009.04.21,936,2,1,18,370,11,-359,Level A
683,IOOOOOWelcomesWeb 2009.03.23,1016,1,0,18,393,11,-382,Level A
22,JAYDENBLANE 2009.05.17,1119,1,1,17,45,47,2,Level B
69,Sebbel 2008.08.05,839,1,1,17,73,35,-38,Level A
92,Rastaluke 2009.05.17,868,1,0,17,108,53,-55,Level B
152,Hazardo 2009.06.04,986,1,0,17,142,53,-89,Level B
153,Sinickas 2008.08.05,973,1,0,17,113,24,-89,Level A
202,GoGoYubari 2009.07.13,1033,1,1,17,154,47,-107,Level B
248,paderboots 2009.05.21,914,1,0,17,166,41,-125,Level B
370,Fnorgmuffin 2009.04.23,709,1,0,17,197,24,-173,Level A
386,HogSlayer 2009.01.03,923,1,0,17,221,41,-180,Level A
395,Sirenus 2009.02.24,885,1,1,17,206,24,-182,Level A
459,vetteboy 2009.01.04,939,1,0,17,224,12,-212,Level A
476,Avisharv 2009.03.21,1020,1,0,17,244,24,-220,Level B
479,andrejas 2009.07.28,964,1,1,17,262,41,-221,Level A
481,chokefetuschoke 2009.02.17,910,1,0,17,250,29,-221,Level A
488,zqnzt 2009.05.09,849,1,0,17,250,24,-226,Level A
503,caskakacastro 2009.01.27,935,1,0,17,260,29,-231,Level A
504,vetteboy 2009.01.03,920,1,1,17,255,24,-231,Level A
546,cweatherbe 2009.02.19,1020,1,0,17,289,35,-254,Level B
555,projectlife 2009.06.23,973,1,0,17,276,18,-258,Level A
583,nicksun 2009.01.23,984,1,0,17,292,18,-274,Level A
601,GoGoYubari 2009.07.10,1009,1,1,17,319,29,-290,Level B
703,fjjvh 2009.03.18,689,4,0.5,17,420,0,-420,Level A
718,SviSe 2009.06.25,831,1,0,17,487,12,-475,Level A
61,Bhunt 2009.07.21,1073,1,1,16,70,38,-32,Level A
67,stota 2009.07.31,907,1,1,16,86,50,-36,Level B
76,Rhizy 2009.07.17,968,1,1,16,79,38,-41,Level A
164,SmashBrosBrawl 2009.01.07,1112,1,1,16,117,25,-92,Level A
180,Caledonian 2009.05.17,817,1,0,16,138,38,-100,Level B
181,mupdegrove 2009.05.01,1093,2,2,16,131,31,-100,Level A
225,jkkcole 2009.01.03,986,1,0,16,141,25,-116,Level A
252,Akio 2009.03.12,967,1,0,16,157,31,-126,Level A
258,smalldreams 2009.07.30,1028,2,2,16,166,38,-128,Level A
300,sexyricanlady 2009.05.09,1012,1,1,16,167,19,-148,Level A
312,Xillion 2009.02.18,909,1,0,16,176,25,-151,Level A
320,jkkcole 2009.01.10,974,3,2.5,16,180,25,-155,Level A
392,JackPacman 2009.01.30,964,1,0,16,213,31,-182,Level A
423,Vaudevillian 2009.01.05,1054,1,0,16,222,25,-197,Level A
453,ifuwurarabitidnmu 2009.02.17,1054,1,1,16,230,19,-211,Level A
465,OttoTheDog 2009.04.21,1019,1,1,16,234,19,-215,Level A
511,Crashinator 2009.04.21,973,1,0,16,260,25,-235,Level A
558,Soilwork 2009.03.26,916,3,2,16,290,31,-259,Level A
573,fishmasters 2008.12.27,854,1,0,16,286,19,-267,Level A
575,titusm 2009.03.13,770,1,0,16,299,31,-268,Level B
589,Bmoresoldier 2009.07.27,967,1,0,16,294,19,-275,Level A
629,lancearmstrong 2009.02.09,988,2,0,16,337,19,-318,Level A
648,chmpf 2009.03.20,951,2,0,16,361,25,-336,Level A
709,Devekut 2009.01.13,985,1,0,16,445,13,-432,Level A
10,zqnzt 2009.05.17,1051,1,1,15,40,60,20,Level B
11,SassySasha 2009.06.26,1093,4,4,15,33,53,20,Level B
88,Cofiez 2009.04.24,1061,1,1,15,101,47,-54,Level B
97,bialyhetman 2009.04.23,1184,1,1,15,98,40,-58,Level A
98,rsrdjan 2009.07.26,999,1,1,15,85,27,-58,Level A
122,antharas 2009.06.01,1082,1,1,15,98,27,-71,Level A
123,vetteboy 2009.02.25,980,1,1,15,112,40,-72,Level A
129,IOOOOOWelcomesWeb 2009.07.21,1041,1,1,15,122,47,-75,Level B
160,jabziii 2009.02.18,1087,1,1,15,124,33,-91,Level A
216,awen 2009.03.21,885,1,1,15,153,40,-113,Level B
221,Akio 2009.03.30,954,1,0.5,15,162,47,-115,Level B
272,Traenexx 2009.04.24,887,1,0,15,166,33,-133,Level B
323,vincentkellner 2009.06.23,940,1,1,15,189,33,-156,Level A
374,Crashinator 2009.02.25,956,1,0,15,202,27,-175,Level A
382,Traenexx 2009.04.23,876,1,1,15,212,33,-179,Level A
411,nicksun 2009.01.27,1024,1,1,15,232,40,-192,Level A
527,ChessterQKnightly 2009.02.24,1111,1,0,15,277,33,-244,Level A
538,nicksun 2009.01.30,1030,1,1,15,262,13,-249,Level A
570,Fukiyama 2009.06.26,1021,1,1,15,291,27,-264,Level A
585,Loran 2009.06.18,884,1,1,15,308,33,-275,Level A
591,PABOY 2009.01.04,881,1,1,15,297,20,-277,Level A
662,badstep 2009.07.31,1027,1,1,15,367,13,-354,Level A
43,plumbo 2009.03.30,848,1,1,14,74,50,-24,Level B
44,PieceMover 2009.07.21,1117,4,4,14,68,43,-25,Level A
79,paire 2009.03.19,1209,1,1,14,81,36,-45,Level A
159,FFDunn 2009.01.04,1051,1,1,14,119,29,-90,Level A
206,gforced 2009.01.05,926,1,1,14,122,14,-108,Level A
214,elpascoe 2009.06.22,992,1,1,14,147,36,-111,Level A
223,kiwa 2009.01.23,993,1,1,14,159,43,-116,Level A
254,andrejas 2009.07.26,979,2,2,14,163,36,-127,Level A
270,richsilver 2009.04.23,1081,1,0,14,168,36,-132,Level A
304,chesseeka 2009.03.26,1008,1,0,14,193,43,-150,Level A
322,Fukiyama 2009.06.29,1014,1,0,14,192,36,-156,Level B
375,noncsi 2008.12.27,1008,1,1,14,189,14,-175,Level A
379,BMANMILES 2009.03.26,974,1,1,14,197,21,-176,Level A
418,Hazardo 2009.05.26,951,1,1,14,230,36,-194,Level A
482,PABOY 2008.11.25,825,1,1,14,242,21,-221,Level A
490,masif 2009.07.04,822,1,0,14,240,14,-226,Level A
498,chokefetuschoke 2009.04.14,907,1,1,14,259,29,-230,Level A
505,Awais 2009.01.22,989,4,3,14,268,36,-232,Level A
514,francod 2009.06.03,968,1,0,14,266,29,-237,Level A
532,Crashinator 2009.02.15,884,2,0,14,252,7,-245,Level A
614,vetteboy 2009.03.24,990,1,1,14,314,14,-300,Level A
684,mudbog 2009.01.04,1115,1,0,14,407,21,-386,Level A
727,LavAzza 2009.07.11,874,1,0,14,552,7,-545,Level A
70,JohnWinthrop 2009.01.12,1172,1,1,13,69,31,-38,Level A
117,PABOY 2009.03.23,1004,1,1,13,99,31,-68,Level A
126,Nifteind 2009.03.29,979,1,0.5,13,104,31,-73,Level A
133,AureA 2009.03.29,986,1,0.5,13,116,39,-77,Level A
136,ktinfl 2009.01.03,998,1,1,13,103,23,-80,Level A
141,Mels 2009.05.19,835,1,1,13,139,54,-85,Level B
155,jubilado 2009.06.15,874,1,1,13,129,39,-90,Level A
185,Traenexx 2009.04.05,884,1,0,13,132,31,-101,Level B
190,Buildingwings 2009.07.04,1064,1,1,13,133,31,-102,Level A
193,ktinfl 2009.07.27,863,1,1,13,118,15,-103,Level A
194,fishmasters 2009.01.03,873,1,1,13,135,31,-104,Level A
210,Crashinator 2009.02.19,857,1,1,13,156,46,-110,Level B
226,JackPacman 2009.03.13,885,1,0,13,156,39,-117,Level B
242,GoGoYubari 2009.06.05,974,1,0,13,186,62,-124,Level B
247,RichardJohnson 2009.05.21,1221,3,3,13,171,46,-125,Level B
282,Fukiyama 2009.02.24,1031,2,1,13,153,15,-138,Level A
314,GoGoYubari 2009.06.03,998,1,1,13,183,31,-152,Level A
315,pajac 2009.05.21,952,1,1,13,160,8,-152,Level A
344,raysfan 2009.07.22,1069,1,1,13,193,31,-162,Level A
357,chmpf 2009.04.21,963,1,0,13,206,39,-167,Level B
398,vetteboy 2009.01.14,956,1,1,13,217,31,-186,Level A
415,twobacca 2009.05.21,1003,1,0,13,207,15,-192,Level A
462,Hazardo 2009.07.31,906,2,1,13,254,39,-215,Level A
489,awen 2009.03.24,964,1,0,13,249,23,-226,Level A
502,PieceMover 2009.06.25,1059,1,1,13,262,31,-231,Level A
508,ToomuchforUtoo 2009.05.26,1009,1,0,13,256,23,-233,Level A
519,Yanulya 2009.06.18,1001,1,0,13,263,23,-240,Level A
545,ktinfl 2009.01.14,921,1,0,13,261,8,-253,Level A
548,nicksun 2008.11.25,881,1,0,13,278,23,-255,Level A
577,mclaro 2009.01.08,1047,1,0,13,268,0,-268,Level A
597,pmineiro 2009.03.05,933,1,0,13,299,15,-284,Level A
649,EgyVoltron 2009.01.30,1163,1,0,13,368,31,-337,Level A
27,GodsWrath 2009.04.17,1006,1,1,12,69,58,-11,Level B
29,woodpuscher 2009.07.26,1064,2,2,12,54,42,-12,Level A
31,Deltaprism 2009.03.13,1007,1,1,12,71,58,-13,Level B
32,vpma 2009.04.21,845,1,1,12,81,67,-14,Level B
46,DaveMiddled 2009.04.13,900,1,1,12,59,33,-26,Level A
53,ohaighain 2009.03.18,1021,1,1,12,63,33,-30,Level A
54,antharas 2009.06.29,976,1,1,12,89,58,-31,Level B
165,Sebbel 2009.01.06,900,1,1,12,117,25,-92,Level A
169,richsilver 2009.04.05,1105,1,1,12,144,50,-94,Level B
196,Crashinator 2009.04.13,1006,1,0,12,147,42,-105,Level A
211,ccf 2009.03.20,1005,2,2,12,152,42,-110,Level A
228,biplobibeginner 2009.03.18,968,1,0,12,125,8,-117,Level A
231,vetteboy 2009.01.13,942,1,1,12,162,42,-120,Level A
239,Flupkes 2009.04.17,1101,1,1,12,165,42,-123,Level A
245,elnekave 2009.02.24,916,2,1,12,149,25,-124,Level A
265,bluepen 2009.03.12,857,1,0,12,164,33,-131,Level A
292,Hazardo 2009.07.30,905,1,0,12,171,25,-146,Level A
301,Fukiyama 2009.02.21,776,2,1.5,12,165,17,-148,Level A
362,vetteboy 2009.02.14,1014,1,0,12,194,25,-169,Level A
389,sangkyu 2009.05.08,928,1,0,12,206,25,-181,Level B
404,jarnaud 2009.01.12,1076,2,1,12,214,25,-189,Level A
444,LaurentDelaon 2009.05.03,1109,1,1,12,239,33,-206,Level A
449,Kundeohmar 2009.05.24,977,2,0.5,12,227,17,-210,Level A
478,PatatZonder 2009.01.29,1132,1,1,12,237,17,-220,Level A
506,dubaddict 2009.05.03,850,1,0,12,265,33,-232,Level A
592,ktinfl 2009.07.04,866,1,0,12,296,17,-279,Level A
611,nathy 2009.07.31,757,3,1,12,297,0,-297,Level A
645,Lelouchshinji 2009.06.24,869,2,0,12,367,33,-334,Level A
686,Soilwork 2009.03.30,900,1,0,12,397,8,-389,Level B
15,chmpf 2009.05.08,966,1,1,11,40,55,15,Level B
80,Borgohain 2009.06.19,1112,1,0,11,81,36,-45,Level A
84,AmpedAl 2009.01.15,1058,2,2,11,86,36,-50,Level A
184,Melvill 2009.02.07,981,1,0,11,137,36,-101,Level A
215,LisbonNightTrain 2009.02.07,967,1,1,11,130,18,-112,Level A
235,jpirie 2009.07.22,1147,1,1,11,148,27,-121,Level A
251,procussionaire 2009.03.13,1061,1,1,11,181,55,-126,Level B
338,Loran 2009.07.28,791,2,0,11,178,18,-160,Level A
407,franzgabo 2009.06.14,923,3,0,11,226,36,-190,Level A
420,LeyZ 2009.06.24,1013,1,0,11,213,18,-195,Level A
438,stota 2009.07.24,929,1,0,11,231,27,-204,Level A
456,paperchasdvincent 2009.05.13,1043,1,0,11,248,36,-212,Level A
472,Hazardo 2009.05.28,967,3,1,11,235,18,-217,Level A
475,Demolishor 2009.07.22,1056,1,0,11,247,27,-220,Level A
486,Fukiyama 2009.03.05,975,1,1,11,243,18,-225,Level A
492,Fukiyama 2009.06.09,1037,1,1,11,235,9,-226,Level A
494,Admirn 2009.01.12,908,2,1,11,246,18,-228,Level A
496,fishmasters 2009.01.10,1031,1,0,11,238,9,-229,Level A
499,elnekave 2009.02.26,916,1,0,11,257,27,-230,Level A
507,thefourthhorseman 2009.04.13,990,1,0,11,259,27,-232,Level B
536,vpma 2009.07.15,1037,1,0,11,257,9,-248,Level A
541,sekulla 2009.01.22,958,4,1,11,270,18,-252,Level A
564,Mels 2009.05.07,896,1,0,11,287,27,-260,Level A
571,paderboots 2009.05.20,923,2,1,11,283,18,-265,Level A
578,paire 2009.03.20,1208,1,1,11,296,27,-269,Level A
593,Crashinator 2009.02.21,929,2,0,11,298,18,-280,Level A
595,Kundeohmar 2009.06.09,939,1,0,11,301,18,-283,Level A
691,RyanBall 2009.07.22,1030,2,2,11,405,9,-396,Level A
710,Mels 2009.05.06,904,2,1,11,460,27,-433,Level A
16,Sebbel 2009.02.15,1035,1,1,10,49,60,11,Level B
91,HeliosMax 2009.06.19,830,1,1,10,64,10,-54,Level A
107,TonyHappyChess 2009.03.12,1107,1,1,10,104,40,-64,Level A
115,thebigmac 2009.03.30,999,1,1,10,108,40,-68,Level A
120,bigjturner 2009.02.14,984,1,1,10,99,30,-69,Level A
124,zuugor 2009.06.11,1062,1,1,10,102,30,-72,Level A
148,jmoon 2009.02.07,907,1,0,10,128,40,-88,Level A
157,chmpf 2009.03.16,960,2,1.5,10,120,30,-90,Level A
166,FMH 2009.01.11,1115,1,1,10,102,10,-92,Level A
167,robertpmntr 2009.07.04,1118,1,1,10,123,30,-93,Level A
170,Nebri 2009.05.13,919,1,1,10,134,40,-94,Level A
178,OrionsDog 2009.07.22,927,1,1,10,108,10,-98,Level A
183,achieve 2009.03.07,1067,1,1,10,141,40,-101,Level A
186,lamell 2009.01.15,814,2,0,10,111,10,-101,Level A
307,ktinfl 2009.01.06,981,1,0.5,10,180,30,-150,Level A
337,GoGoYubari 2009.07.17,1103,1,1,10,190,30,-160,Level A
345,stota 2009.06.24,983,1,1,10,182,20,-162,Level A
371,Limzaroth 2009.03.30,791,1,0,10,173,0,-173,Level A
421,Uncrowned 2009.02.21,917,2,2,10,196,0,-196,Level A
447,stota 2009.07.16,973,1,0,10,238,30,-208,Level A
512,MishaG 2009.03.07,915,1,0,10,235,0,-235,Level A
525,chmpf 2009.02.07,966,1,0,10,284,40,-244,Level A
544,Fnorgmuffin 2009.04.08,772,1,0,10,263,10,-253,Level A
549,openmyeyes 2009.07.24,1041,1,1,10,265,10,-255,Level A
553,pmineiro 2009.02.18,902,1,1,10,277,20,-257,Level A
603,badstep 2009.04.24,1010,1,0,10,312,20,-292,Level A
624,Mels 2009.06.11,1053,1,0,10,319,10,-309,Level A
643,nathy 2009.07.30,750,2,1,10,331,0,-331,Level A
651,awen 2009.03.18,891,1,0,10,348,10,-338,Level A
693,Crashinator 2009.02.18,867,1,0,10,439,40,-399,Level A
5,yoyojim 2009.02.07,1043,1,1,9,25,56,31,Level A
20,Admirn 2009.02.01,929,2,2,9,50,56,6,Level A
35,MartyMcFlyyy 2009.04.14,1072,1,0,9,61,44,-17,Level A
58,gforced 2009.02.09,947,1,1,9,88,56,-32,Level A
81,SecondQueen 2009.07.28,1197,2,2,9,78,33,-45,Level A
90,dafics 2009.07.21,1099,1,1,9,87,33,-54,Level A
108,DikkenPierre 2009.05.07,1039,1,1,9,109,44,-65,Level A
114,gameplan 2009.04.12,1143,1,1,9,112,44,-68,Level B
128,Hazardo 2009.04.17,934,2,1,9,107,33,-74,Level A
151,PABOY 2009.01.08,918,1,1,9,110,22,-88,Level A
229,chessboyjazz 2009.04.13,995,1,1,9,175,56,-119,Level B
232,jcizzle 2009.06.26,1096,2,2,9,153,33,-120,Level A
243,jatwfn 2009.03.20,1071,2,1.5,9,168,44,-124,Level A
271,brainllama 2009.01.03,983,1,0,9,165,33,-132,Level A
279,Jia 2009.04.08,1142,1,1,9,158,22,-136,Level A
328,PLUGZ 2009.03.26,988,2,1,9,190,33,-157,Level A
333,Deadache 2009.03.06,1200,1,1,9,191,33,-158,Level A
422,ccf 2009.02.07,1005,1,1,9,230,33,-197,Level A
428,RichardJohnson 2009.05.06,1058,1,1,9,210,11,-199,Level A
458,agfa 2008.11.27,1049,1,0,9,245,33,-212,Level A
463,kukuykuyk 2009.05.19,1061,1,0,9,248,33,-215,Level B
470,Bhunt 2009.07.28,1051,1,1,9,239,22,-217,Level A
497,lousychess 2009.07.20,1094,1,1,9,263,33,-230,Level A
513,ginjaninja 2009.02.26,1083,1,1,9,270,33,-237,Level A
515,BillMac 2009.04.29,997,1,1,9,271,33,-238,Level A
566,volodymyrrudyj 2009.01.06,1067,1,0,9,294,33,-261,Level A
599,DarthDaviz 2009.03.26,1005,2,1,9,318,33,-285,Level A
626,Loran 2009.06.19,912,2,0,9,337,22,-315,Level A
634,xDieInAFirex 2009.05.06,901,1,0,9,332,11,-321,Level A
635,pmineiro 2009.04.22,996,1,1,9,344,22,-322,Level A
636,TooFar 2009.05.23,1224,1,1,9,333,11,-322,Level A
637,MikEms 2009.07.11,805,1,1,9,345,22,-323,Level A
650,chadsmith 2009.03.26,1067,1,0,9,337,0,-337,Level A
653,Fukiyama 2009.02.25,984,1,0,9,363,22,-341,Level A
668,caga 2009.03.28,1305,1,1,9,385,22,-363,Level A
671,fjjvh 2009.04.05,660,3,0.5,9,364,0,-364,Level A
672,Hazardo 2009.05.24,946,1,0.5,9,364,0,-364,Level A
674,badstep 2009.04.17,996,2,1,9,367,0,-367,Level A
695,RiverStyx 2009.03.23,891,2,1,9,415,11,-404,Level A
701,chokefetuschoke 2009.02.21,885,1,0.5,9,429,11,-418,Level A
706,WhateverAndStuf 2009.05.26,991,1,0.5,9,446,22,-424,Level A
708,insanemew 2009.04.22,943,1,0,9,427,0,-427,Level A
719,zhouzhaowu 2009.02.16,933,1,0,9,475,0,-475,Level A
733,Crashinator 2009.01.13,814,1,0,9,706,0,-706,Level A
6,JooBoo 2009.02.04,916,1,1,8,36,63,27,Level A
33,sigggih 2009.07.22,1024,1,1,8,66,50,-16,Level A
40,Miggidy 2009.01.27,1158,1,1,8,86,63,-23,Level A
52,smalldreams 2009.07.31,1048,1,1,8,80,50,-30,Level A
63,yaroshan 2009.06.14,1074,3,3,8,71,38,-33,Level A
73,Hazardo 2009.06.08,970,1,1,8,77,38,-39,Level A
96,LzVandy 2009.03.18,1062,1,1,8,121,63,-58,Level A
105,Vosman 2009.03.12,1197,1,1,8,88,25,-63,Level A
162,kebax 2009.02.20,1128,1,1,8,104,13,-91,Level A
200,stota 2009.07.28,929,1,0,8,131,25,-106,Level A
240,obamaworld 2009.05.16,1023,1,0,8,161,38,-123,Level A
294,Fukiyama 2009.02.20,817,1,0,8,159,13,-146,Level A
308,noncsi 2008.11.27,920,1,1,8,163,13,-150,Level A
342,checkmatenik 2009.05.26,1001,1,0.5,8,174,13,-161,Level A
354,Crashinator 2009.01.15,822,1,0,8,178,13,-165,Level A
366,insanemew 2009.02.25,1011,1,1,8,196,25,-171,Level A
397,Dicemice 2009.07.21,1055,1,1,8,210,25,-185,Level A
400,pmineiro 2009.01.10,888,1,0.5,8,187,0,-187,Level A
430,ktinfl 2009.06.14,898,2,1,8,226,25,-201,Level A
440,Avisharv 2009.06.05,964,1,1,8,243,38,-205,Level B
442,badstep 2009.04.12,988,1,0.5,8,230,25,-205,Level A
446,WillSmith 2009.06.03,928,1,0,8,232,25,-207,Level A
451,elpascoe 2009.06.08,1024,1,0,8,236,25,-211,Level A
468,beijingchina 2009.05.16,969,1,1,8,254,38,-216,Level A
493,ifuwurarabitidnmu 2009.02.21,1037,1,0.5,8,252,25,-227,Level A
495,badstep 2009.05.06,1049,2,1,8,267,38,-229,Level A
587,Bhunt 2009.07.20,1091,1,1,8,300,25,-275,Level A
598,elnekave 2009.03.20,896,1,0,8,297,13,-284,Level A
619,xDieInAFirex 2009.05.23,655,1,0,8,317,13,-304,Level A
640,jdchopra 2009.04.16,875,1,0,8,349,25,-324,Level A
681,Jia 2009.06.14,1094,1,0,8,393,13,-380,Level A
696,fjjvh 2009.03.14,694,4,0,8,418,13,-405,Level A
